1 -7.27179 -45.9971 -33.7699 68.2239 23.1037 -80.2653 14.4047 -64.0721 -30.9465 -3.50009 -58.6294 -32.0806 -62.2383 15.9418 -73.3863
1 -1.72691 -37.367 -38.3014 32.4791 26.5882 -92.3005 22.1991 -59.6927 -22.0645 5.8652 -57.8453 -21.9384 -42.4296 21.7524 -75.9995
1 -10.6506 -34.2271 -38.8545 47.0726 -5.62509 -88.4589 11.0098 -54.6067 -33.5893 -6.17769 -47.5754 -34.9409 -46.6463 28.8355 -79.1093
1 5.10118 -45.1971 -41.0576 39.2703 1.08154 -92.857 12.7887 -43.6349 -36.5805 -5.37576 -41.2743 -31.5633 -54.9243 13.6783 -75.3623
1 4.99562 -38.1649 -45.7312 77.3919 29.0458 -70.4964 10.5134 -54.2814 -42.254 -7.20045 -50.063 -36.2558 -63.2571 28.1204 -70.1658
1 -6.70307 -35.3516 -43.1369 30.0874 32.599 -90.9628 9.83677 -61.0684 -28.124 -5.33789 -57.4467 -23.4351 -42.5323 23.1913 -74.9434
1 8.17382 -45.5683 -32.2574 35.4255 41.6319 -86.5062 20.2632 -70.7483 -23.6666 3.05229 -67.277 -25.1879 -65.5754 3.38402 -71.6171
1 16.9482 -45.2828 -41.3529 59.9644 39.5074 -76.3873 9.08708 -59.8425 -42.6095 -8.34949 -54.1891 -37.3011 -57.8738 14.0663 -75.4403
1 -8.67332 -40.9459 -36.6452 67.4506 30.6458 -76.0641 6.24574 -53.8627 -29.1387 -9.73512 -49.0728 -27.8668 -53.8558 23.4622 -76.5886
1 1.64261 -42.1128 -47.0331 56.5818 37.5491 -77.2627 10.1652 -48.8266 -16.9407 -4.32371 -44.7025 -17.1026 -48.2798 24.4144 -79.6926
