0 -15.1603 -56.7266 -39.8053 -63.8204 27.4437 -85.8069 -8.39435 -57.8118 -24.4647 8.49505 -51.9928 -22.6663 41.1598 -7.41753 -83.4845
0 5.54707 -52.0119 12.673 -76.0591 -40.7448 -71.0913 -9.72153 -52.1981 8.15145 9.74781 -46.1367 6.4556 39.1672 -59.6916 -63.4203
0 -20.4242 -59.9524 -4.94612 -50.724 9.26021 -97.8925 -30.8279 -47.281 -7.25086 -10.6428 -49.4087 -4.50878 39.2067 -54.2465 -70.1124
0 30.5462 -37.4163 -26.099 -53.4524 -30.4172 -93.3972 20.8757 -49.461 -21.712 34.4885 -34.0077 -16.0684 46.2293 19.0079 -81.7075
0 -1.38253 -30.6735 -50.4561 -53.7416 60.4038 -72.1892 -5.60573 -41.3277 -33.1344 11.5299 -36.431 -29.1443 52.1122 44.6562 -68.5094
0 -0.752752 -56.0005 -39.7595 -63.4781 38.1962 -80.6131 -13.1026 -62.2699 -21.2377 2.37118 -58.1382 -19.7121 35.3226 11.3789 -83.5586
0 -18.6906 -21.371 -56.5642 -59.2322 44.6328 -79.8036 -18.7599 -26.2059 -42.3227 0.371731 -27.7786 -37.6469 43.0952 22.4694 -79.5242
0 0.470573 -32.4723 -44.7765 -54.0386 67.1437 -65.6761 -38.0003 -28.376 -73.753 -5.19703 -48.1031 -25.8764 37.8213 33.0111 -79.4134
0 -7.43139 -29.4683 -49.1473 -23.8115 54.8871 -89.8849 -29.3459 -38.351 -62.0064 -8.39913 -42.758 -56.6492 57.3662 15.139 -71.7522
0 -5.96024 -49.0207 -39.2404 -73.6281 20.2594 -75.9473 -34.9533 -40.1522 -64.6214 -11.3047 -38.7666 -64.7008 15.8022 14.6451 -90.4489
