-81.1084 -6.70309 -3.60856 -65.1329 9.27583 -89.059 -17.9177 10.8067 -113.621 22.1092 9.89381 -109.199 56.7366 1.81894 -84.9304
-78.4739 -7.12337 -2.99887 -67.6208 6.93529 -86.6579 -24.8447 12.0788 -111.794 13.7507 11.0184 -109.651 49.549 3.6714 -88.263
-81.6104 -10.1944 -17.9853 -49.5827 3.34 -99.7471 2.53094 9.10338 -115.123 42.0606 7.38106 -102.657 72.9334 0.434402 -70.8312
-88.5958 -18.508 -9.69051 -54.6628 -1.12897 -96.9117 -5.40386 13.5328 -113.392 32.2884 14.0013 -102.758 67.2591 8.32977 -72.8455
-90.6671 -13.8816 2.13706 -62.7843 -12.1968 -91.273 -13.5215 -3.81581 -113.141 27.0892 -2.10657 -105.102 64.1758 -7.631 -75.8937
-84.4702 3.78582 2.78333 -49.1323 17.747 -87.3217 -19.164 13.83 -104.973 6.58122 5.9562 -100.807 38.4446 -4.7515 -81.2463
-76.5372 -2.54292 35.9036 -74.5174 11.1925 -68.2449 -52.5731 21.7205 -90.8001 -23.8112 22.9114 -94.705 18.5883 22.06 -86.1944
-80.3258 16.7257 2.40028 -37.9366 21.9615 -90.3174 -10.6432 14.6491 -106.182 15.5081 2.17404 -101.078 51.0423 -18.0819 -76.7307
-73.721 -23.3656 31.3821 -74.8106 -2.15508 -67.2388 -52.4189 10.0802 -91.3017 -24.0969 12.3282 -95.5404 19.9465 12.8793 -87.5103
-84.5059 -0.981934 12.4143 -53.2162 7.02412 -85.227 -23.9539 9.84143 -103.252 5.56303 6.51279 -100.225 46.9183 -2.18678 -80.1885
