1 15.3314 -58.9382 -16.1443 17.7938 -40.5413 12.4513 8.41169 -44.3132 15.6676 -7.74542 -32.8324 22.7121 -22.4009 -28.6237 15.4267
1 4.06703 -41.7529 -41.8399 22.1767 -42.2058 -35.1815 9.04125 -42.0062 -41.1828 -11.4874 -38.7257 -28.1457 -25.7595 -26.5117 -26.5969
1 16.0086 -56.0493 -21.8436 19.9413 -42.2297 10.1542 10.4933 -46.126 15.3112 -4.89459 -41.8212 19.1746 -15.0056 -34.7555 11.6828
1 41.8215 -42.5987 -27.8932 45.6382 -32.0972 -40.3761 33.2259 -42.9661 -42.2137 24.4271 -69.0834 -45.4242 4.09205 -61.1425 -37.4594
1 51.1104 -16.4193 -30.5963 55.6978 -21.0702 -7.18231 55.0607 -31.0763 -6.12305 40.0959 -39.0015 8.21715 23.7714 -39.9815 4.61996
1 20.8534 -42.7549 -33.0462 -3.25714 -59.022 -14.5221 -12.8303 -60.465 -10.6796 -22.9138 -31.3025 6.70064 -34.3548 -18.8887 2.4848
1 39.3488 -38.2201 -36.5892 35.5039 -45.4916 -33.4651 19.4148 -52.1053 -31.607 -0.188633 -50.8615 -25.8694 -19.5685 -42.8018 -20.3077
1 24.7046 -47.7061 -25.0321 23.283 -58.3653 -10.7465 11.0698 -61.1796 -13.6182 -4.24539 -64.279 -24.8548 -18.135 -48.4971 -26.8604
1 13.0174 -54.4641 -27.4877 10.6456 -48.8674 5.10652 2.25267 -52.7679 8.41198 -12.0618 -47.7695 11.7372 -24.1737 -39.0033 2.99588
1 22.1795 -56.7178 -29.6911 38.2207 -49.3329 -28.9949 24.4736 -54.9616 -34.8603 9.46873 -68.6725 -40.0503 -8.57425 -55.5616 -36.494
