-36.2729 -27.095 -57.1531 -19.7488 -41.9575 -41.3723 -13.5459 -48.5226 -44.1803 1.00137 -46.7451 -42.5555 12.3626 -36.2113 -34.0505
-28.8466 -23.0602 -55.7547 -11.6817 -34.827 -20.3722 -5.3103 -41.4896 -32.988 10.7332 -42.8615 -27.5793 19.7087 -31.0748 -20.8997
-31.1399 -43.3704 -42.4244 -23.2161 -34.3165 -6.95575 -33.0184 -39.5583 -39.3934 -14.088 -40.3164 -41.8411 4.44317 -33.3936 -40.2002
-31.7331 -40.5938 -38.4603 -27.2844 -40.7381 -3.57563 -42.407 -47.4799 -50.5365 -24.011 -46.06 -55.6983 1.67828 -39.8181 -54.2606
-26.417 -36.7155 -40.9916 -23.5503 -50.5461 -17.2879 -32.8632 -44.218 -70.3854 -12.0128 -36.9334 -74.1347 13.9911 -29.3661 -64.8349
-41.9659 -45.3645 -26.0093 -41.4244 -35.6836 -25.5095 -30.8928 -41.1641 -31.5529 -17.1452 -55.8923 -32.5396 -0.442659 -45.1682 -34.5179
-21.0145 -32.0051 -31.7615 -22.6267 -38.4129 -15.776 -9.62563 -41.7736 -13.4987 2.0148 -61.5161 -14.5777 11.0462 -47.3679 -15.3607
-19.6342 -36.313 -32.6495 -26.2242 -37.0603 -14.0339 -18.5563 -42.8686 -13.4262 -10.0445 -58.265 -33.5786 5.62767 -47.4785 -30.4378
-38.0153 -43.4925 -37.9488 -26.9957 -40.1763 -25.1123 -18.4975 -46.2547 -23.1708 -2.67347 -46.401 -18.1269 9.71937 -37.7378 -15.8833
-15.3207 -35.5312 -27.4052 -27.1248 -41.1782 -19.5385 -19.3432 -47.4086 -18.8869 -4.30432 -47.7802 -13.1683 8.4074 -38.5317 -14.2709
