1 72.6494 -8.00034 -23.1533 43.6294 10.4493 -90.1835 7.11938 11.4791 -102.875 -19.3142 7.83134 -95.506 -64.2031 0.135483 -67.9484
1 74.4833 -32.2457 -5.97425 57.5548 -24.6093 -81.123 25.4413 -11.0764 -99.7516 -2.4583 1.99425 -96.4666 -52.4909 20.1679 -74.2292
1 65.5197 24.4208 -26.0408 34.579 15.0874 -91.8968 4.2506 4.75276 -103.187 -27.0698 -13.6479 -93.989 -56.7894 -35.4363 -64.702
1 58.2549 -32.3384 -30.4387 41.6238 -9.59734 -88.0817 11.9461 -11.0717 -99.6512 -18.9517 -13.7358 -92.4242 -55.2531 -18.1874 -67.5198
1 88.3341 0.982971 -7.47445 59.0533 10.5414 -88.9191 8.98597 11.0383 -108.389 -41.2375 12.7512 -95.3888 -78.2894 -0.149521 -58.8411
1 50.6122 6.43855 -28.2675 32.1142 9.78143 -96.1181 14.2486 11.8812 -107.501 -4.60256 2.96432 -98.571 -27.6443 2.98199 -75.7974
1 34.6377 25.2282 -39.8362 -2.78975 15.1147 -100.427 -22.5482 5.86746 -106.413 -35.4046 -3.75325 -92.8419 -45.3741 -15.0563 -64.9603
1 48.3205 -27.0802 -25.2832 33.09 -25.3301 -89.3781 19.4889 -15.211 -103.676 4.00568 -6.96167 -97.4896 -16.0842 4.22636 -78.5288
1 54.8599 -6.07381 -21.6374 37.947 -44.817 -81.9882 21.5998 -50.527 -93.2909 3.80783 -43.0992 -89.0793 -20.297 -32.7414 -71.0961
1 89.0477 -14.5892 -16.3365 54.1994 50.7404 -77.1679 6.02232 58.1383 -92.663 -40.0313 49.0723 -82.769 -80.0112 18.0815 -53.2118
